0.6774749998075131 1.3993233194984713 2.3603495978822018 3.1416377579135712 3.2665719711426444 4.466115909571614 5.1906412019390755 5.950631216585391 7.0565241189888575 6.990449543715941 7.439278843086989 8.90836052375194 10.17795630634261 10.958012166076566 11.146894168835534 10.088747441088604 11.913830380962564 14.086619437539506 15.722595342315554 14.011049680819053 14.718723515991618 17.26595324150482 
1.9999797138880087 3.9998793149558063 2.360349597893175 3.1416385665845725 3.266571971166385 4.46611591009672 5.190641201939059 5.598202786912084 7.05650250127507 6.990449549960255 7.439278839035468 8.908360523740452 10.177956306342145 10.957973100637457 11.147661697419581 10.088747529667526 11.888067669412523 14.086619300605104 15.72259533907444 14.011049703117815 14.71872351598999 17.26595389898912 
0.6301203730729581 3.9556074974512763 2.2283975206110247 3.141264683439656 3.2665495795176804 4.46615705597569 5.197678766588602 5.602872057011427 7.05654100510012 6.995936268653804 7.439216575773323 8.908225459346395 10.225318614038004 10.418921665307625 11.135636082361781 11.829208319236237 11.906986595058878 14.192121839340617 15.7207933469761 14.008313382603953 14.701673628963082 11.771865910916617 
1.798936644862589 1.5473292291813592 2.2236155323269924 3.141616659045282 3.268391208458463 4.465220387326039 5.19302970562575 5.609867625971373 7.056408133659195 6.9959260100520275 7.446767271636577 8.90912240042653 10.199517818098627 10.394377573161236 11.135636082361781 11.82757722794619 11.906986595058878 16.520869970905064 15.7207933469761 14.004826569260908 14.701699874569101 17.25843112624766 
1.8880080937683206 0.12478879823325834 2.3540980109950866 3.1421916131455743 3.2684939897859397 4.466196729772189 5.190709608934411 5.593592605758318 7.062197783257804 7.016802190847042 7.4470582057850265 8.908356384553098 10.175380275675723 10.39154851083092 11.146595556875527 11.886592752599498 11.489666500430822 14.135524329791274 15.721552575498059 14.011344994570305 14.742001632163001 17.259435144355407 
1.891516096197549 0.11177021377947827 2.3604509279154424 3.1421915879681097 3.26640276337536 4.466196868647645 6.422532814995932 5.591037875042747 7.056589212636135 7.0115111648269 7.439278839035468 8.90833299869609 8.195876587019846 10.966214150229462 11.146892630128074 11.891408105525288 11.490079369748916 14.15249147743075 15.721571464986047 14.010926797329446 14.70543543500954 17.25951633999246 
1.8078555119869062 0.6502515010592561 2.3514294619692824 3.142243695608566 3.2666101083483263 4.477527176269613 5.19146639480463 5.599442873328044 7.054467152132845 7.4887146018912025 7.4395687896700045 8.907298062917459 10.240087733650773 10.380640010036611 11.147103937209922 11.887759385256553 11.509406764711938 14.15239655480355 15.720563139930425 14.00872596993073 14.718864434247843 17.254257669265808 
1.9716917250734651 1.3791509532843278 2.2288384475552148 3.1421989441634257 3.268391208458463 4.465220387326039 5.19302970562575 5.610743983840344 7.056528863225876 6.9959260100520275 7.44002695708585 8.90912240042653 10.199517818098627 10.394377573161236 11.135065909243105 11.827835242231485 11.918347769739748 14.180302221877003 15.721582074715116 14.004826987914873 14.701679452440075 17.25843112624766 
1.9949743521113765 3.897449709418539 2.2285216022237084 3.1421226467308903 3.266573573737985 4.465330424219527 5.191706888133854 5.94246101980909 7.063805153977123 6.995847329830657 7.4397499702070204 8.908073193875447 10.211178065528573 10.401266955934682 11.135740897208452 11.210991108931143 11.5076413306693 14.136747658783634 15.72258781063876 14.006978172000254 14.718729870084358 17.265961254924125 
1.8881621004383697 0.25075172098288023 2.352520688110485 3.1421781944868736 3.266415654620675 4.466196423600306 5.190694440861629 5.610745671743227 7.062165866963355 7.017892340687757 7.446831845398574 8.908348622182874 10.17528482855128 10.39159450062806 11.146595556875527 11.827409532431089 11.489528972534343 14.139108340188223 15.722577442057808 13.042220204410482 14.702250744390156 17.259356389221466 
1.5576031033455768 0.7602421367733276 2.3514803030169906 3.1412294775179976 3.2672797182216073 4.4650246966831295 5.205379073869518 5.609561494408085 7.063648665042819 7.408747418914505 7.446811591568669 8.898843088183149 9.658719683522063 10.379808973392528 11.1340904035768 11.880704761429683 11.505364542489463 14.150664022138693 15.721869725964657 14.005488869086046 14.70783969734721 17.254052349957668 
0.6288816140883129 1.631258644367577 2.2236155323269924 3.1412885969221906 3.2666102127571897 4.1955130034946855 5.193030185215229 5.604179901050533 7.062229516103509 6.9959260100520275 7.439185076206531 8.909123120482564 10.195467286958694 10.371327671547876 11.135638007319892 11.881077561486165 11.907005845449527 14.137839946855609 15.722083536042431 14.00424395025661 14.701695469849758 17.26148383934401 
1.511493883164007 3.961466690867346 2.351462893854564 3.1403006852418107 3.2684905980340493 4.52814167163683 5.191572465276298 5.6027229171313735 7.05844226288234 7.428527435553554 7.439123147988457 8.912490019787006 10.233814737472112 10.379232894327378 11.133866496252464 11.886494567025057 11.49850200086546 13.372841696897538 15.737317117350385 14.00459761161309 14.709057815477944 17.252330077765976 
0.6285977652772744 1.4013852266641533 2.353689106752998 3.141446997328466 3.2665671556191684 4.454057884719018 5.195875125666806 5.602901858588148 7.072140257311518 7.02119123120468 7.439346637717593 8.908586138006994 10.187341516313621 10.97022974180889 11.13458468939542 11.888522411658093 11.92208308409439 13.35465649176564 14.153295740817956 14.006224332710405 14.718700183511396 14.874098127079433 
1.798936644862589 1.5610182932795371 2.2236155323269924 3.1416161358075656 3.268353807071459 4.465220387326039 5.190610973524798 5.609867625971373 7.0564156143872365 7.029445553268494 7.270712333129127 8.90912240042653 10.199517818098627 10.946294479397954 11.135636082361781 11.851858886694105 11.910534205949155 16.520869970905064 15.722600823281189 14.004826569260908 14.701699874569101 17.25843112624766 
0.6730895239255023 1.596662013319455 2.3515038559592436 3.142158848787763 3.2684864302733163 4.467473375230094 5.191758937706789 5.599309057757755 7.056571960600558 7.428637391949139 7.446758456056669 8.89815821122374 10.240140271039504 10.991393900192556 11.137630365104553 11.888015402900441 11.499979534760474 14.859938856321705 15.734711348433434 14.00872596993073 14.722860398272406 17.26454556276381 
0.6528929595637792 0.7840696402540225 1.8468353826332102 3.1360320514025823 3.2727302208593207 4.438095126214617 5.1918937877226 5.599269116630636 7.056518194736465 5.79577041003656 7.43893456122813 8.898541789489112 9.662342076012573 10.992535655211574 11.137643887705394 10.082399084026644 11.500038202473919 14.139372680022944 15.734652243144199 14.01035655263399 16.55048808086091 17.264097420023205 
1.9932535714917616 0.8038546487746359 2.360280419361895 3.1422194549181617 3.2686251196811744 4.466230804588254 5.197645168118573 5.602713751455447 7.058541746475046 7.001839569244767 7.472135289343527 8.898253560300503 10.182941915575249 10.385303282922145 11.136154862066986 11.881023090293763 11.527884534740135 14.139171242097737 14.079715066189369 14.008280216993253 14.723934847265179 17.253583010717538 
1.9974975446532623 1.5503585493902847 2.3526468094167146 3.142215911369568 3.2686538438339277 4.474280317612472 5.19144221263454 5.603207607875394 7.05856033580096 7.001839569244767 6.949471199666747 8.912176631637072 10.190789395310746 10.393380357048462 11.134622530444888 11.888168927342644 11.918922318951063 14.138221998272476 14.074765572320226 14.00831737986869 14.705791774739003 17.257744308174416 
1.99250554054672 3.9635298796079557 2.3526468094167146 3.1421910127861454 3.266481883660652 4.465165644030352 5.191229671765567 5.602677064637329 7.0586106007743465 7.0018443657270835 6.949471199666747 8.912437829910731 10.189472810312528 10.408531201171506 11.13620643224748 11.88814884910782 11.523901694951924 14.138221998272476 14.079715066189369 14.008320339633492 14.705175843796962 17.25954036848867 
1.5567353715788543 1.6213802402500836 2.3529460258326544 3.1421675191544285 3.038393402566267 4.474212021557224 5.191831346095841 5.603110298139604 7.0624095599118455 7.428317204752161 7.4467605590178625 8.882974850739796 7.886112673389085 11.002015614530817 11.13604742289449 11.222584875927923 11.52225233664887 14.137993267722017 15.764047459612192 14.023132220769057 14.741745990936035 17.25854537458169 
1.882662201359864 0.12478879823325834 2.3540980109950866 3.142173322044321 3.261622001680645 4.466196729772189 5.190709608934411 5.593260284988829 7.062197783257804 7.017892340687757 7.4470582057850265 8.90835283883238 10.175032716404555 10.962642790216881 11.146649673917613 11.886462875325288 11.489666500430822 14.138170115368805 15.722780002690788 14.010930452506981 14.742001632163001 17.259435144355407 
1.557572844087574 3.896535368854286 2.3527380605204407 3.1412555508874203 3.2686000851729244 4.463360044230151 5.191995013598893 5.606414870099455 7.0624377224876 7.004402555797703 6.966731563173553 8.908097393429726 9.647632299042137 10.407040640857128 11.134098412579416 11.878126214582103 11.910603726074138 14.152573289399234 15.721180492244967 14.762402547783394 14.74092708185719 17.26470989266567 
1.9603508217157213 1.3993233194984713 2.3603495978932103 3.1416377579135712 3.266571971142743 4.4661159095610214 5.1906412019390755 5.598217326674623 7.056502277416094 6.990449549983729 7.439278843086989 8.90836052375194 10.17795630634261 10.958012166076566 11.14690676149101 10.088747441088604 11.888157563869086 14.086619437539506 15.722595339134783 14.011049680819053 14.718723515991554 17.26595324156767 
1.949225273643022 3.9224479890316135 2.351731792937062 3.142190848465233 3.2665526215868566 4.46507841295314 5.191435175708243 5.606006049189086 7.05654275958561 7.001711704491063 7.446934603659775 8.898323149815527 10.177956306342605 10.41868936320339 11.147634749720382 11.880903386977948 11.527898535747967 14.088655313704955 14.097014322683778 14.011049680819053 14.718723515989954 17.257741037815162 
1.99897319914523 3.9914602016763103 2.351491652533068 3.14217757941228 3.2672797182216073 4.46508782701695 5.197315840135962 5.598175485621382 7.063648562738681 6.99735560360407 7.446755119777526 8.898443447846692 9.649465594782445 10.408680076595818 11.135735366954197 11.880909356866253 11.505364542489463 14.138279665903516 15.721852750363288 14.008316809522599 14.705160696932714 17.254050655436963 
1.7990604423860774 3.9993778034630716 2.3514896132816565 3.1378752434689376 3.2727287694766405 4.465116789968232 5.191749749524868 5.242433826377044 7.063375485847311 7.009161291682675 7.439177169197784 8.907282192559665 9.648610317172075 11.026059060149993 11.13611702320515 11.193002467216292 11.893635723012785 14.151881418053337 15.726498794917784 14.029816624121514 14.716131030830454 17.25420658841053 
1.9994165569680415 1.631258644367577 2.228633343878119 3.1412885969221906 3.2666102127571897 4.1955130034946855 5.193030185215229 5.604179901050533 7.062095749216106 6.995824558773108 7.43848778054586 8.907508994329552 10.211138637311338 10.371327671547876 11.135639396592728 11.224547413347013 11.907005845449527 14.137839946855609 15.722072503321865 14.007153223920822 14.701695469849758 17.26148336810205 
0.32320100465110535 0.866720009573729 2.3542248057516635 3.1422000824839293 3.266496185966059 4.457720367363833 5.204241995263843 5.601468980459988 7.0627762921304615 6.994770076385556 7.447122967494629 8.917446064125334 10.186152069100316 10.38238193946308 11.134136806980607 10.089487186169153 11.508843702947905 13.361902894898149 15.72057188365509 14.010925139110952 16.528073946693656 17.25420479536243 
1.9899120382413331 3.827251302590377 2.3527388725190383 3.1422195385104095 3.2685233087706393 4.467399118597688 5.197298754735818 5.610899394027941 7.05669515062385 6.998883245840165 7.446812664244853 8.9085831869241 10.185473752076764 10.98686018981941 11.137122168291418 11.822416584593906 11.923126602239611 14.167081307487136 15.73469856346689 14.005416839843235 14.722499776621497 17.253379360228376 
1.9713565119472585 1.6966662973639854 2.355001709958953 3.1422761626571782 3.268380872799763 4.457488545805959 5.1913077299576615 5.606374024927908 7.056072750093756 7.002288268953839 7.446798103740874 8.909199078887813 10.195471902676394 10.421827002490927 11.135730372488142 11.88072492479946 11.906266644494961 14.136304536592267 15.721997762151858 14.005323377542139 14.71878653485799 17.26159600443398 
0.37633235041823554 3.9914602016763103 2.3562191731726254 3.14217757941228 3.2672797182216073 4.4650730130866165 5.197315840135962 5.598175485621382 7.063648562738681 6.99735560360407 7.446755119777526 9.732958024546397 10.196515860933468 10.408735946438135 11.135735366954197 10.092975906554859 15.630532337038819 14.081286655616633 15.721852750363288 14.008316809522599 14.705160696932714 17.254050655436963 
1.9911014185557472 3.993091611466374 2.352740030703025 3.141262917911732 3.2686000851729244 4.4633804171106615 5.191913273547882 5.606414870099455 7.0624377224876 7.02035870589527 7.448270584081524 8.9074923926768 9.647632299042137 10.986776944077695 11.134098412579416 11.878126214582103 11.910603726074138 14.152573289399234 15.721180492244967 14.005403603773372 14.74093862947589 17.26470989266567 
1.99250554054672 3.9671907943526312 2.3526468094167146 3.142219471637168 3.2686538438339277 4.465165644030352 5.19144221263454 5.6028830556259885 7.058585272659738 7.001839569244767 6.949471199666747 8.912437829910731 10.189472810312528 10.408531201171506 11.13620643224748 11.88822175587344 11.523901694951924 14.138221998272476 14.079715066189369 14.00831737986869 14.705175843796962 17.257744308174416 
0.6687080066264119 1.5962869109701405 2.3529438682148984 3.142158848787763 3.23245099481994 4.467348238801607 5.191758937706789 5.59919549666492 7.062400164811086 7.428637391949139 7.446758456056669 8.89815821122374 10.223087313897175 11.00201858024149 11.137622692597144 11.888015402900441 11.52304186278859 14.854533822412396 15.734711348433434 14.00889254138544 14.72311436496975 17.264617531384395 
1.9949743521113765 3.9790029086704255 2.2285216022237084 3.1412313673309975 3.2664272140653288 4.465330424219527 5.191712041190062 5.603464570235695 7.055655356379213 6.995821178943459 7.447044118080662 8.907497341835207 10.211178010457594 10.413393867917138 11.13563874094435 11.208664142729702 11.5076413306693 14.137203741205532 15.721781466799104 14.006978172000254 14.719185129255788 17.258825665656605 
1.8892192654663433 3.982138900142538 2.3603495978930606 3.1416377744968655 3.266571971142596 4.466296895404894 5.190660960244289 5.5932536013861025 7.056683303684832 6.990441248944799 7.447255815427528 8.90836052375186 10.187721371493524 10.362747886275152 11.146892630128074 11.886527291720004 11.887500005045593 14.087469106664312 15.72259533907444 14.008394101820977 14.70539479952744 17.265823928463014 
0.6572901145809872 0.7840696402540225 1.8468353826332102 3.1360320514025823 3.2727302208593207 4.438095126214617 5.1918937877226 5.610728162124307 7.056518194736465 5.78297422369526 7.446820952617811 8.898541789489112 10.170641633908687 10.992535655211574 11.137665132338588 10.082399084026644 11.500038202473919 14.139372680022944 15.73440150934294 14.01035655263399 16.55048808086091 17.25854053195137 
1.806314507066645 1.6449268886548867 2.351487862016511 3.1421393911445574 3.2683903384916415 4.466810175548818 5.19137056630385 5.595344842524201 7.056675029374593 7.026571745512318 7.4474631533355575 8.909061997492536 10.199345731737223 8.835643653666873 11.135170693164564 11.872932534175865 11.507816108353548 14.138717619088414 15.721573257241046 14.010906805425726 14.70171994674142 17.26448710230788 
1.9939892748303443 3.7976417960574107 2.2286465363675743 3.141258549617516 3.266609478624983 4.46324191495304 5.191712116977058 5.606950575514542 7.055678197517302 6.995820621410182 7.438478850212599 8.907497341835207 10.211214490549649 11.010322210426448 11.135639437200076 11.208664142729702 11.50539602838569 14.137203741205532 15.722072839186144 14.007128293113249 14.708598166327217 17.2585407290531 
1.9849060707744233 3.9673216381141647 2.3514623116974858 3.1403162855338267 3.268654054342931 4.465153223792116 5.1976773364038324 5.602871902015144 7.05844906174045 7.001908112165792 7.450973395143753 8.912459864184488 10.256260327955642 10.957550492992235 11.135649367958207 11.195664067004403 11.893166063093236 13.37827238880303 14.11176636839229 14.007734945552428 14.705046493953928 17.25390347398096 
1.968193087583309 0.5584718844691751 2.3507981487598357 3.1412337009102114 3.2663614651302395 4.2049070795236245 5.225029586879679 5.611373065372104 7.056802238950635 7.4031583742657805 7.439283817708949 8.90716432272109 8.1875273286937 10.957214613118573 11.14695152653712 11.872712401806881 11.887781261896652 14.139518850579371 15.720456223434908 14.010999468606643 14.70540289904756 17.265953917446367 
0.3287979403286594 3.9034609156725364 2.3514896132816565 3.1378882544605937 3.520806368015372 4.465116789968232 5.204219804631808 5.242433826377044 7.063375485847311 6.995975775249445 7.447069433936841 8.906816325125734 9.648610317172075 11.026059060149993 11.13602261179004 10.060874704841227 11.506838597017657 14.122184112922627 15.72064293816525 14.029905628275896 14.751414702732117 17.25420658841053 
1.5611168888724825 1.6217553425993978 2.351506013577 3.1421675191544285 3.038393402566267 4.47433715798571 5.191831346095841 6.316208904694073 7.056581355701317 7.428317204752161 7.4467605590178625 8.882974850739796 7.903165630531415 10.991390934481885 11.136055095401897 11.222584875927923 11.499190008620756 14.143398301631326 15.764047459612192 14.022965649314346 14.741492024238692 17.258473405961105 
1.5110375819146475 1.3791509532843278 2.344904201198938 3.1421989441634257 3.268394881949669 4.465220387326039 5.19302970562575 5.602742219686946 7.058421874664138 6.9961316294419476 7.44002695708585 8.90912240042653 10.233071648156166 10.394377573161236 11.135065909243105 11.88376040193036 11.904166220290119 14.18469519157283 15.721582074715116 14.004596976199958 14.701632359539902 17.252271553478387 
0.6503785827621451 0.866720009573729 2.3542248057516635 3.1422000824839293 3.266496185966059 4.457720367363833 5.204241995263843 5.599272006268779 7.056613385902559 6.992846057240162 7.447122967494629 8.898042547536404 10.186152069100316 10.960759963410863 11.134229950954476 10.062762775565622 11.508869642756109 14.153473801146328 15.720129168670562 14.010925139110952 16.55861467893517 17.254255573412802 
1.99982618415286 3.9224479890316135 2.351448552677931 3.1416279161538117 3.2687168891350136 4.4661549152366335 5.197338192132124 5.606006049189086 7.05654275958561 6.9958892810630715 7.439381749534202 8.907495170887914 10.187213801591612 10.418940441772724 11.147851420446482 11.223520484488166 11.914890008425365 14.139813059430894 14.089262469358339 14.010019457668701 14.718956617178797 17.264601926497964 
1.9733394370392436 3.827251302590377 2.352724699997335 3.1422195385104095 3.2685233087706393 4.4673679235097 5.197298754735818 5.610752237267786 7.0566910247976615 6.998882639789294 7.446812664244853 8.908583178279928 10.223773476241801 10.98686018981941 11.137122168291418 11.822416584593906 11.923126602239611 14.226732674494558 15.734405280061228 14.005416839843235 14.701070489497164 17.253379360228376 
0.6495099272996366 1.646742573345223 2.351487862016511 3.1421393578385644 3.2685191169186583 4.466739698768978 5.191276604647424 5.595344842524201 7.056693782901656 7.026571745512318 7.4474631533355575 8.898248097573452 10.220427004019479 8.853296401127412 11.147133153575815 11.875177182598666 11.507816108353548 14.139076307815328 15.722759033640322 14.010960156494141 14.722609963714907 17.26448710230788 
0.6573274297406428 0.4076857527401112 2.3544143377812117 3.1421909513805173 3.266413308410143 4.46664469742187 5.205385611700682 5.610782853116053 7.056584075015751 7.002307953728351 7.439280441743046 8.908189362210717 10.190241618749255 11.001627806774257 11.137128431192004 11.878387038325377 11.943056734621107 14.1399796827169 15.72158932315506 14.008329025854708 14.707436199855682 17.26598048465306 
1.4991626653049626 1.5730197581044691 2.3513971577202075 3.1403117823278475 3.268576707617652 4.465166963127341 5.190606479863447 5.609872479363885 7.058512969670598 6.9935434778373695 7.448452482590423 8.912478976279939 10.17184323139311 10.955386971123922 11.134545323307941 11.893329551859985 11.922277295035265 14.149833227434957 15.757311728928327 14.009108910858416 14.704728343587016 17.25390433696395 
1.915227076431454 3.7399585739585355 2.3514949761220647 2.71461388403348 3.2727287694766405 4.465162785785167 5.193427523860427 5.624346709991328 7.062387630977633 7.009161291682675 7.439177169197784 8.898088946091256 9.66957690540409 11.026059060149993 11.136111912537146 11.206128294080296 11.893635723012785 14.151881418053337 15.726407433825218 14.029816624121514 14.716849219106399 17.254192139591815 
1.9949743521113765 3.9914602016763103 2.3526349738676275 3.14217757941228 3.2672112740155077 4.465088328897567 5.1917091255875585 5.24303056504568 7.062837251592768 7.003449284321984 7.446755119777526 8.907343621553245 9.649465594782445 10.408680076595818 11.135735366954197 11.881088597826675 11.505364542489463 14.138279665903516 15.721852750363288 14.008316809522599 14.705160696932714 17.264434938492954 
1.884564007846128 0.12478879823325834 2.3540672324872145 3.142245279664992 3.26866421441594 4.478842493976829 5.19747556958479 5.593237308333601 7.056693782901656 7.01833438212456 7.447043885398819 8.90761416966476 10.187699364594701 10.369940705442541 11.147007939898701 11.886502808260648 11.510218612724001 14.15452774327194 15.722785788062493 14.010930452506981 14.688924586029968 17.29941725742756 
0.6423925083463131 1.5608579385700936 2.3603826860835384 3.14163911704757 3.272544246252082 4.464926875645581 5.19305519689563 5.6060915171570125 7.056502228829528 7.029369419503618 7.440017552458288 8.908380713341536 10.17903185987768 10.958992673039853 11.147634749720382 10.088747529603395 11.505458752175437 14.088129548942401 15.72266662903318 14.011052150730281 14.697160029949263 17.264463133132185 
0.6331366537825462 1.60653551051183 2.3514879292482904 3.1412283862756794 3.2666006888179426 4.465031417985791 5.205771858074619 5.61076916684946 7.0637091035741975 6.998845334938165 7.438748739894854 8.90939568383434 9.091188328334102 10.380090050152942 11.13572191963038 11.873092817272399 11.505356833405923 14.150786127407892 15.721837789378421 14.010779313723251 14.701833383209495 17.265011204356128 
1.5730249113769554 1.5509010972385104 2.3513644808267733 3.142161795012744 3.044381480388589 4.474095277730052 5.1933864206773555 5.602855398306463 7.062194199801712 7.02032762664018 7.446366190787528 8.924548137942542 9.651268380901207 10.980093229126204 11.13760219339704 11.887175076281618 11.51126070157625 14.146973881063282 15.722768564462136 14.009329694834609 14.70940869039115 17.25853434087283 
0.33528095125988605 3.9034181479537957 2.224958486031211 3.1378882544605937 3.2687278847935173 4.465116789968232 5.204219804631808 5.242433826377044 7.063373309832397 7.949883233614559 7.447069433936841 8.90682982329599 9.648610317172075 11.012707742340117 11.135630054791307 10.060874704841227 12.723328318123615 14.122184112922627 15.720642837848267 14.029905628275896 14.751414702732117 17.253948719878395 
1.5021804522161046 1.661884668002058 2.351636403857488 3.142216547832497 3.266592310677617 4.459705178803483 5.197410678107118 5.611242698244847 7.063645549359889 6.98195530772966 7.446619907133748 8.91021316868589 10.186574854465324 10.326759242122023 11.133857814050357 11.886825224243847 11.949297662993708 14.13785618077033 15.720554569450945 14.010883725935464 14.707172009323589 17.254197387851885 
1.8506716278657214 1.6739223742439135 2.3542117075261464 3.14221010163203 3.266507056555174 4.47414463638818 5.204024103465806 5.607156540058899 7.056254179024865 6.996849335979075 7.447123615526247 8.898527449182659 10.212151508876788 10.379573522055134 11.13426953261213 11.886519064735777 11.92465153883505 14.166246518695038 15.723490475718037 14.010925281092042 16.52789063325864 16.968162895541674 
0.6621129258658691 1.5471688744719156 2.3603826860835384 3.1416391253536378 3.2728535721683834 4.464913996350233 5.193075527392601 5.592880498972178 7.063438735252931 5.848460376737654 7.449448729307942 8.908396678375578 8.815367141382579 10.406095259839846 11.147634749720382 11.919942069216052 11.501911141285163 13.412782269725101 15.720787866010463 13.981921936856736 14.709489595822088 17.264463133132185 
1.5021804522161046 1.6304387746753415 2.351636403857488 3.142216087005093 3.268705056349688 4.4652651562424595 5.197410678107118 5.601541985970033 7.063647140088543 6.993781212801833 7.4386803282277345 8.91021316868589 10.186574854465324 10.326759242122023 11.133843377292854 11.886825224243847 11.924004437072307 14.13785618077033 15.720554569450945 14.010853008076372 14.707172009323589 17.254197387851885 
0.7189389085628278 0.6993418591653588 2.3541324492997466 3.14217771351252 3.2665780238121793 4.4596381648692285 5.190776159355423 5.611435853470175 7.063645556690181 7.420179235894582 7.446741087979365 8.907619267269745 10.178396511503749 10.979813004300656 11.134195102416914 11.91843757980321 11.949391801567119 14.152347493923223 15.73110306934855 14.009484252864949 14.709636877357392 17.253781916865698 
0.6301203730729581 1.5473292291813592 2.34639594388977 3.1412885969221906 3.2666102127571897 4.46411216017231 5.19302970562575 5.610747710165494 7.056412552135031 6.998906453090402 7.438903944166458 8.908582657959899 10.225318614038004 10.397973557184226 11.135636082361781 11.829208319236237 11.906986595058878 16.396728543673134 15.734405930478212 14.004576645795101 14.701699874569101 17.25320072489187 
1.9895859291467057 1.6035969920356028 2.3527388725190383 3.1421592668931675 3.2687353094913334 4.465211787285882 5.193414403511673 5.610899394027941 7.063368538458116 7.445848181208927 7.446813900453613 8.9085831869241 9.64687488054639 10.98686018981941 11.137290058171356 11.822416584593906 11.923134748313224 14.877925513209592 15.734775547669727 14.005408132673985 16.57771165716188 17.26454556276381 
0.6301203730729581 3.7431423194499494 2.3582978348238464 3.142219063812682 3.2666102127571897 4.464205987287397 5.197388211584816 5.602997545905924 7.055127101602618 6.979160253655043 7.439216575773323 8.908991007276086 10.225318614038004 10.418404622478795 11.135636082361781 11.206427221525225 11.88697101750708 16.57398224120471 15.7207933469761 14.011101972381898 14.78903643338187 17.258417102149583 
1.5653990507793043 3.970716665953625 2.3515027857158803 3.1421781852279542 3.044381480388589 4.474095277730052 5.191913273547882 5.603220322870657 7.062194199801712 7.416092253847934 7.446651080043879 8.92380425759967 9.616024557341769 10.979995876822802 11.136048694478667 11.88714676253196 11.912110522409057 14.13855247963015 15.706582875140825 14.009302262040313 14.741371106732087 17.258533787688858 
0.6351306937029444 1.4053385882546676 2.3514830782977767 3.141421583495392 3.2667662610644923 4.452439605697625 5.191233306905615 5.602678119632773 7.056771639470113 7.026017201510684 7.4392275300712605 8.898248097573452 10.183216940736626 10.433675086949595 11.135633215508218 11.885093780409553 11.480266524964613 14.13892944935402 15.743425894115088 14.007469183833308 14.722666109341102 17.264453390480924 
1.685370944047367 3.8265260259482723 2.3529460258326544 3.1421675191544285 3.04902579394256 4.474212021557224 5.196342239448629 5.603110298139604 7.0624095599118455 7.029492410798682 7.446727049949261 7.874257573118157 7.902071974293311 10.963173003549024 11.136048382198615 11.89314365550729 11.914677242057332 14.137989154639058 15.721436801073411 14.005399366408842 14.741371106732087 17.258545425397212 
0.5493194134081456 3.7976417960574107 2.2236287248164475 3.141258549617516 3.266609478624983 4.46324191495304 5.191712116977058 5.606950575514542 7.055811964404705 6.995922072689102 7.43917614587327 8.90911146798822 10.195543140197005 11.010322210426448 11.13563804792724 11.865194290868855 11.50539602838569 14.137203741205532 16.02621290610156 14.004219019449037 14.708598166327217 17.258541200295056 
1.5302703703143763 1.5730574317690673 2.226158310395715 3.140289869061696 3.2685718728499 4.4651506577774605 5.197481117874496 5.624331113597709 7.063616803923429 6.993581842019737 7.4388377649596755 8.89770609914244 9.669566015259784 10.983662518808977 11.137662352578406 11.872962541595717 11.922277295035265 13.366750861790353 15.721272353071425 14.009114475201004 14.704732027708037 17.264722767163086 
0.6623879721563429 1.6739223742439135 2.3542476373638794 3.14221010163203 3.266507056555174 4.47414463638818 5.204024103465806 5.607140785394805 7.056504976655679 6.996394158925654 7.447371456601874 8.908647764082696 10.175907663652191 10.958738847650155 11.147843089245459 11.886519064735777 11.92465153883505 14.166246518695038 15.723490475718037 14.010925281092042 16.52789063325864 16.968162895541674 
1.8808339884007914 0.12478879823325834 2.360361784502887 3.142173322044321 3.261636428907808 4.466181862139396 5.193037424543586 5.593260284988829 7.056565975085364 7.017822300784712 7.4470582057850265 8.908352284669496 10.175032716404555 10.962642790216881 11.146649673917613 11.886462875325288 11.489666500430822 14.138170115368805 15.72266605169785 14.010930452506981 14.69300305036678 17.259435144355407 
0.6423925083463131 1.5471688744719156 2.3603826860835384 3.1416391253536378 3.272581027358865 4.464926875645581 5.193059934040027 5.6060915171570125 7.056495190112735 6.99584987628715 7.440017552458288 8.908380713341536 8.815367141382579 10.406095259839846 11.147634749720382 10.06446587085548 11.501911141285163 14.088129548942401 15.720787866010463 14.011052150730281 14.697160029949263 17.264463133132185 
1.8830739048371077 0.07845985593845217 2.354119481560839 3.1412386989508487 3.268767133821181 4.478912770695361 5.197323710285499 5.5934749966689585 7.063555662135761 7.01833438212456 7.447054270230384 8.90761416966476 10.187699364594701 10.491343692520887 11.147007939898701 11.886502808260648 11.871613964115765 14.153531096431836 15.722770292292688 14.011121573668788 19.063141180544967 17.29941725742756 
1.8915386910315253 0.11177021377947827 2.3604509279154424 3.1422024204854515 3.26640276337536 4.466115910098274 6.422532814995932 5.5914651584215065 7.056573838564075 7.0115111648269 7.439278839035468 8.908332900799127 8.195876587019846 10.957972884776272 11.146892630128074 11.893022513068576 11.508267315983803 14.15249147743075 15.722591266090305 14.008333796282978 14.70539479952744 17.265980886960484 
1.50193242614355 3.9993778034630716 2.351508447790274 3.145230307123674 3.2687442445744366 4.465161156695319 5.191714497461529 5.242433826377044 7.06282427605454 7.009161291682675 7.438677441903136 8.907262641795654 10.188345540236877 11.026059060149993 11.13611702320515 11.208208879581045 11.910978039351535 14.151881418053337 15.726407433825218 14.010295785833721 14.716419537850582 17.254192104515468 
1.9203048905098419 0.9994691939496159 2.3523778206558714 3.1421798877154754 3.2663848379042517 4.463382673868489 5.191590419650141 5.610843864718909 7.062428426321325 6.999753363449465 7.446759206063759 8.899990023535564 10.186087734417596 10.387026602191664 11.13612698073291 11.878579570875555 11.91554905235525 14.138272381315002 15.723455882948869 14.005080375867253 14.708647833727717 15.069883939663583 
1.511493883164007 0.7765540461129512 2.3517867318229584 3.1413097595826263 3.2684905980340493 4.529070102384343 5.192936439767357 5.602721716919463 7.058626596029065 7.426205895586624 7.439166793263851 8.910073464618657 10.233814737472112 10.379232894327378 11.133846765931773 11.885180929731986 11.853532025463185 14.139065170980711 15.724295879532853 14.00459761161309 14.722459389418969 17.25861427311013 
0.6268661826232487 0.6913564999648564 2.3543629590428954 3.1421503053740265 3.268685742069529 4.480448186809151 5.191841516117593 5.606443416555253 7.071584108158115 6.999178103542825 7.4392811905094165 8.907611377788676 9.644193411663036 10.969694585063426 11.135738093498686 11.88646896580173 11.912612393121249 14.145071135558851 15.73254322341967 14.06151043261933 14.242264975429157 17.258678826342834 
1.57554322827131 1.60653551051183 2.3514879292482904 3.1412283862756794 3.256855476122732 4.465013968407238 5.205771858074619 5.61076916684946 7.063746285499591 6.9996442809586545 7.446352711090028 8.909645403040113 9.091188328334102 10.980357190968865 11.13572191963038 11.873092817272399 11.505724861276864 14.150786127407892 15.721845831953182 14.009339505652203 14.701833383209495 17.264887616448142 
1.7082221602146435 0.03259549479483459 2.3602840361138875 3.1416377744968655 3.2726321559595455 4.465160927086841 5.224982082764396 5.611373065372104 7.062881900773802 7.011549857729522 7.439278839035468 8.907286868750099 8.18559627461766 10.39071606037077 11.1467412548855 11.893561311796295 11.941191598697884 14.083358320533259 15.73380112106446 14.029777368026279 14.70540289904756 17.25430314543677 
1.685370944047367 3.898239834285807 2.3529460258326544 3.14216772630034 3.04902579394256 4.474212021557224 5.196342239448629 5.603110298139604 7.0624095599118455 7.029492410798682 7.446727049949261 7.874257573118157 10.223178706341448 10.963173003549024 11.136048382198615 11.89314365550729 11.914677242057332 14.13798929673151 15.721434577296673 14.005399366408842 14.718597511644333 17.975177126787617 
0.6167164397883383 3.8385733315156614 2.352642666539634 3.1403600757881063 3.2831947024808104 4.464745632477898 5.191250144899892 5.606308451995323 7.071670512461478 7.445158160046804 8.215493685272882 8.921684039958954 9.646694416766367 10.414427193159042 11.134590884696674 11.888509455331885 11.910476626950336 14.161008884246181 15.713841426973536 14.008810891603856 14.581331957738664 14.868412698812117 
0.3509956031189383 3.9914602016763103 2.3528402231570498 3.14217757941228 3.2727568790197066 4.4574822157101455 5.192086753093785 5.24303056504568 7.062837251592768 7.003449284321984 7.446755119777526 8.908838547642787 9.649465594782445 10.408680076595818 11.135735366954197 11.87155742659442 11.505364542489463 14.138279665903516 15.721852750363288 14.008306837414587 14.705160696932714 17.2645441444623 
0.9158651122720985 3.9550382702171913 2.352608705180336 3.141292049962714 3.2665806786651737 4.467167870290126 5.2053859862453455 5.610693253227275 7.062886611272868 6.995926346658344 7.4470410670414395 8.90717918196097 10.190368417962931 10.379552100894601 11.135369646083628 11.802551902327862 11.94303035568858 14.159337333848566 15.72205268263179 14.00415602225226 14.708453148206038 17.258591632209058 
1.936522147273156 1.6193261929621696 2.352285168325752 3.142243330365114 3.2664146949119734 4.466193777528782 5.191446741756049 5.610743472205482 7.058484428353765 6.996876441877426 7.440020466192511 8.898369344081551 10.192261331077809 10.418856164415622 11.100156476417187 11.889683203369078 11.918620478307593 14.152887652215854 15.732424051114556 14.009314563330676 14.77017541309625 17.264536812303913 
0.749125623709992 0.7692154550628011 2.354357716912679 3.142140067967798 3.266609909524462 4.457571558845742 5.205054984286792 5.603433261873757 7.0584962085243514 7.427597156590133 7.4498814148175105 8.907705540045129 10.1945582976136 10.380489049412162 11.14711390043194 11.870310424653391 11.94249191477346 14.15282748426803 15.733026964895117 11.119056152920312 14.70193273555277 17.264582611256728 
0.6351306937029444 1.564905319418077 2.3514830782977767 3.1421341760186947 3.2724308205791326 4.198980665169473 5.19129362712387 5.602678119632773 7.056693782901656 7.026017201510684 7.447522993008357 8.898248097573452 10.183216940736626 10.433675086949595 11.135633215508218 11.885093780409553 11.505985048827965 14.13892944935402 15.72275692057526 14.007494532913904 14.722609963714907 17.264453390480924 
1.5334822814558 3.998851266672253 2.351489295442491 3.140349360712719 3.2687331473096384 4.4651693715529674 5.193420101300529 5.603134335768336 7.063365575229592 7.445842407914461 7.717971898945061 9.453694430297038 9.636425926890677 10.410624435610966 11.135505400879516 11.887877176040307 11.91069702520282 13.380304598359634 15.72681376565071 19.94104716775518 16.52342680863976 17.264859844796813 
1.884564007846128 0.07845985593845217 2.354198117138355 3.1422532051965923 3.268767133821181 4.478912770695361 5.19747556958479 5.593237308333601 7.063555662135761 7.01833438212456 7.447054270230384 8.90761416966476 10.187699364594701 10.490473011064118 11.147007939898701 11.886502808260648 11.871613964115765 14.15452774327194 15.722742091705705 14.011190597440367 19.063141180544967 17.29941725742756 
0.5949609561208694 1.5454182392936802 2.3602715871291466 3.1416391253536378 3.272581027358865 4.464926875645581 5.193059934040027 5.6060915171570125 7.056495190112735 6.99584987628715 7.439386823280356 8.908380713341536 8.792106759254864 10.406095259839846 11.136643605626533 10.06446587085548 11.502779676972379 14.088129548942401 15.720787866010463 14.011052150730281 14.696972430320297 17.26447878255071 
1.9680659035032524 1.6526277308570427 2.355001709958953 3.141217313594939 3.268398322277551 4.457488545805959 5.1913077299576615 5.606374024927908 7.056071113842837 7.002288268953839 7.446798103740874 8.90714722928475 10.195471902676394 12.451934409035024 11.135730372488142 11.88072492479946 11.887805556887088 14.139632028427352 15.721997762151858 14.010963260352867 14.70560634935205 17.26159600443398 
1.8898481252614565 3.897449709418539 2.2289034173342905 3.1421226467308903 3.266573573737985 4.465330424219527 5.190622370616886 5.604631733421032 7.056696281437666 6.990362445594669 7.43978465913385 8.908073193875447 10.186864712242182 10.401266955934682 11.135740897208452 11.210991108931143 11.8853882051296 14.136747658783634 15.722587635365654 14.006978172000254 14.718729870084358 17.265961254924125 
0.6573274297406428 0.4107365931472507 2.3543504136941027 3.142200405710716 3.266413308410143 4.457428246790297 5.205385611700682 5.610782853116053 7.0633805530005365 7.002307953728351 7.439105925366262 8.917555549877507 10.190379330383445 11.001627806774257 11.137198327025391 11.878387038325377 11.943056734621107 14.1399796827169 15.72158932315506 14.008330231361398 14.707436199855682 17.26458355187994 
0.6573274297406428 3.9539163597566223 2.3543759563603297 3.1412049013142544 3.266569502994091 4.457488545805959 5.205385508043597 5.606374024927908 7.063523442259891 7.002307953728351 7.439147715139982 8.907576145426292 10.190379330383445 10.380486734025755 11.13719624539099 11.802520326277959 11.943215986901848 14.1399796827169 15.721469154889903 14.005323377542139 14.707947928880865 17.264582747993796 
1.9483281214200987 0.6932477173522436 2.352606443671199 3.14165193710637 3.266407364411665 4.463232470123763 5.19063286050969 5.610949713630242 7.0634190883045065 6.999144095077867 7.4467630176643675 8.925328040864255 10.195363596946907 10.981212514559147 11.135740895012258 11.887167647133376 11.505373950384474 14.152622584289116 15.706671488772631 14.009307150499682 14.718646188337067 17.26595523186356 
1.9483281214200987 3.869502244448678 2.352606443671199 3.14165193710637 3.266407364411665 4.463232470123763 5.19063286050969 5.611008432927629 7.0634190883045065 7.4435733039237055 8.207149170041859 8.925391723828119 10.195363596946907 10.41547142615966 11.13574315810873 11.887167647133376 11.505373950384474 14.152966913796579 15.713842829204971 14.009307150499682 14.720118613809122 17.26595523186356 
0.6631562519683107 0.6913564999648564 2.3543896684251973 3.14217862742715 3.268646282265384 4.466069604393976 5.1918889533695385 5.606443416555253 7.071584108158115 6.998407345714916 7.439703951151595 8.907610772600185 9.642888330753692 10.38927024435263 11.198742903395651 11.886491939025161 11.912612393121249 14.145071135558851 15.73254322341967 13.024009018116528 14.242264975429157 17.259347399365218 
1.8898481252614565 3.8257359010810044 2.2289034173342905 3.1421224395849783 3.266573573737985 4.465330424219527 5.190622370616886 5.604631733421032 7.056696281437666 6.990362445594669 7.43978465913385 8.908073193875447 7.865757980194045 10.401266955934682 11.135740897208452 11.210991108931143 11.8853882051296 14.136747516691182 15.722589859142392 14.006978172000254 14.741503465172112 17.258659151182243 
