1.6018110638188106 3.5802885047484745 0.17581083349251972 1.5636980555208297 3.3226708043549835 3.789803745798864 4.185742345363086 4.539318354244988 4.792007728533246 5.080644087031929 5.411669980588127 5.547104354294544 5.814991617109649 6.031779981855635 6.186559483622999 6.309338912622698 6.557157621942012 6.726094459059315 6.733170886354035 6.724128250049098 6.852905784748434 6.754701224159672 
0.7695855993220702 0.037410329908911966 5.985517997351981 3.9194200420534737 3.414461677564774 3.793370892987858 4.090810297216868 4.572968194418973 4.791880649335755 5.346193018515822 5.439377312251605 5.54983927014268 5.851222615465203 5.966612418110183 6.10479544483377 6.262262290141661 6.258914489013038 6.1270034706964305 6.520702066673432 6.858619311919716 6.741040237266272 6.979546360724391 
1.6418314041247675 3.363224371451281 0.21790797780336854 1.5581689873093432 3.3413487874154786 3.8038630069303125 4.175250905893469 4.5744884402292225 4.7857604661405775 5.112571719512348 5.477613662697066 5.536335267991617 5.79282725632529 6.0638095411486965 6.1122469296934785 6.417010035952157 6.4767604146604105 6.488565659955626 6.970959597052012 6.685966443040596 6.842726894490687 6.882866565513099 
0.7062789661614535 3.0303639840315295 2.397895432178117 3.574864445027032 3.3699391064090922 3.6858656289712326 4.183991719375561 4.691068402769248 4.806718262891233 5.117497916397564 5.450362504909746 5.517189089849017 5.855958464314387 5.977128722155038 6.081481102430365 6.3444514280927535 6.530055469666224 6.476201208049204 6.842963116197358 6.799614092279629 6.946407197229096 6.946508925759882 
0.005882039508528059 1.7677693956802363 5.989382756374729 3.4123767652057206 3.37228337466795 3.9032742755786036 4.141912147263802 4.57184805389466 4.724169795461128 5.246951736811997 5.441765633534682 5.533962788470886 5.7901246625710145 5.96574657303069 6.086596970205054 6.31789978255916 6.548736397477033 6.472938003463824 6.519432880361531 6.860031360624439 6.847099142815481 6.968536169849257 
1.6323897236853404 3.650224048818483 0.040615023027497976 1.6200779504089207 3.3775013261465743 3.7926628916479483 4.191537199242278 4.469378869129053 4.793828946370274 5.197800728459802 5.609673821136302 5.533685672813964 5.826164044489918 6.063336009309776 6.115185849054492 6.259241172772252 6.566108910272889 6.813163674488875 6.835473817775613 6.892566053361782 6.8925163820801565 7.075416366735516 
0.5738465690636592 1.8718848636515306 4.125408915444013 3.4550097397679327 3.3439137523508 3.7290776557869534 4.138673561639576 4.472788163029291 4.791690652065441 5.04021334413859 5.128377765707073 5.539918471972327 5.621230084716292 6.106096834571679 6.074172426806913 6.4323343120077245 6.770809960832107 6.476413627775148 6.74214860270316 6.899549947558409 6.8528319304573815 6.690849950618947 
0.1485382060583994 1.8566454461602369 5.500636938529002 3.416957126243223 3.279181352400519 3.793172413146616 4.084690296504985 4.5901666957678415 4.797774940626834 5.131386579228344 5.194055347856905 5.534700612840219 5.857007804602895 5.965154549611265 6.0513891267813475 6.312292057793868 6.4140565165358 6.476068456490862 6.380262950766562 6.714320710164605 6.842201379865313 6.7706730932123875 
0.40624651906277975 2.063781290473233 4.501647525834168 3.4724640971576077 3.3266069450778297 3.7943613684018644 4.134992418897777 4.443119567351749 4.7918320779547665 5.081935721983604 5.667268340365985 5.536512589758863 5.791346804524074 6.038233973615725 6.595781277475439 6.786229243236933 6.710945295632106 6.548177239490061 6.842857518808563 6.887707103185304 6.84887825303394 6.970328175264084 
1.2859227510059617 3.9057825831764106 0.2187829068177074 2.184193590769665 3.239713990807566 3.7931930702153984 4.136071784704318 4.445975142070732 4.797656445450289 5.120621241480009 5.4408680576778625 5.567953868640592 5.822854357966381 6.0363653883850725 6.052166468203646 6.268346232774205 6.41409508727537 6.55574445454487 6.833286223705642 6.711781172223947 6.847644656946019 6.973310629213162 
0.7108774082656855 1.6790968423834083 3.6593267077973985 3.3275698677812264 3.5143536167326657 3.904298488170792 4.1420228490003925 4.274772258590192 4.75365277543928 4.859112895270654 5.653729347654654 5.533911580189507 5.8710652152208445 5.9655718610162385 6.128435505292252 6.281510242251402 6.548837775963278 6.472961822326098 6.756478189896004 6.863933065228105 6.848631883571423 6.689689923404303 
1.8708944685004758 2.0571393986219304 0.31161739773588204 3.0821173608864796 3.3709166961918853 3.746453612143395 4.175306552855661 4.447195829604486 4.789674335801484 5.120092537120918 5.443352661968439 5.533868866774983 5.637919984590976 6.032806218222748 6.105295356464804 6.306899110023033 6.222088311386732 6.49698063334053 6.560829685687522 6.724127841672296 6.899653655133165 7.066244592318108 
1.9992920046967682 3.9322335400105275 0.04860281545759142 0.013011701625930794 3.3749769102772684 3.7961823522824756 4.179461117923015 4.4488149809175335 4.793341462657464 5.123140404193542 5.470943670882646 5.486476679975254 5.7974453071602445 5.9465494586476035 6.1079908990210185 6.404301916938968 6.4234782580500855 6.813558418527171 6.832915050515727 6.975614165453684 6.852204516648342 7.26495948601972 
1.6302218554484422 3.7173649370997457 0.011150335422190016 1.2889490562654997 3.3516689056915316 3.793204259284875 4.137830251096232 4.473468936295061 4.791494080672336 5.23973571263195 5.6630297052147345 5.535812173291059 5.639294074644337 5.968096336352141 6.106746696574402 6.266905429781784 6.562654110353435 6.6202828443657395 6.981060714511805 6.893155050046074 6.846092653108937 6.995126551692414 
1.9992551503891105 3.995550808929416 0.017004068078817526 0.005356526273264996 3.373257940661803 3.6857682438278667 4.183274922828858 4.447803339354983 4.971945673117721 5.275057502149256 5.66084071722661 5.5373390041592305 5.795988552121133 6.032186137828123 6.110352101227852 6.40139222792963 6.7814367241916935 6.820150765093735 6.832772793363461 6.975604576256517 6.852204516648342 7.268210833646839 
0.37688036927026164 0.006147848092924235 4.996203748196185 7.327685327481449 3.344063684017916 3.7292960779501088 4.134677486517157 4.4589857392258985 4.784155334105716 5.120833709320546 5.098292587164011 5.5365246554058 5.845237049432985 5.997359077197347 6.243249977158808 6.412468844705607 6.796466531557037 6.474033977797028 6.559735443628331 6.893296689263335 6.845437847945154 6.828824145100897 
1.9879504087373414 3.435693267289853 0.3094876858111977 0.008275959632201069 3.3713308538633413 3.7219782166182305 4.145337193479181 4.57276808514015 4.791892170255131 5.0820804761374365 5.2120991468761995 5.488798233037639 5.788369112822449 5.95354714153915 6.10458068576791 6.2977407558495395 6.26827910007705 6.49324795958655 6.576464214738861 6.713294931364009 6.846841111702211 6.883372139788715 
0.9024735176818744 0.5170179825737791 5.360181335038266 3.4183620364436598 3.32706663276751 3.7333710706958017 4.1458008815716045 4.47419845544676 4.937091584619294 5.282662826278923 5.354705244975105 5.535602036261244 5.8440873530545625 5.951485043878377 6.122782671780414 6.266537189552695 6.692108210866355 6.48710210334402 6.720993886491359 6.6368601578698865 6.733735862681718 6.883217481186459 
1.955019144121664 3.8264305304840147 0.009583266373599741 0.03528734256770916 3.3725461922235067 3.728811197093492 4.18354432499206 4.541003931215692 4.971748647018483 5.116969928441362 5.238451708990401 5.536543386163358 5.798761760287447 6.0321679895360525 6.080683076052936 6.31042854395181 6.798526591379869 6.65595494709309 6.9060300657920015 6.9677904432504105 6.845525042007464 6.992266877012668 
0.6929387209993009 2.1186926711976266 3.534209980315084 3.3106869952378255 3.28159713193614 3.788456833997767 4.1404011015711175 4.467030633045459 4.7915666919852695 5.12161375203491 5.675366086562749 5.484335897764043 5.815604369866556 6.034953506471832 6.142015302703871 6.285760245495079 6.559812054592067 6.466765364635895 6.455750277995319 6.889175351547047 6.7066056528135745 7.0092969905214435 
1.735287240030311 2.069889725651947 0.6499090822122464 3.0714754684407093 3.374447892066861 3.767849553366923 4.338660300545483 4.4534893041455 4.723435714320887 5.12326639065183 5.214276642588678 5.488817592141898 5.813592113349539 5.981912688870274 6.052384454093809 6.318157654716723 6.2725051831243155 6.618005216728196 6.530689669940113 6.656811943894335 6.860526249636657 7.058808032366346 
1.2644399070614365 3.5034109660868458 2.928029382786579E-4 3.4633697007925726 3.3709869191371244 3.7311075321155562 4.139030017964982 4.4479772341534805 4.7892532697050365 5.035148343767157 5.462547052598068 5.497056426058475 5.787688934323739 6.027236391972411 6.140169562015389 6.328123675849957 6.436747245668994 6.795902395383705 6.674784051267453 6.89281722875902 6.856508100431823 7.2880259046282445 
1.9234531578247989 3.6467625818742544 0.004279947286350061 0.26300596454291636 3.3518105547399997 3.7998666317885412 4.1377368884453 4.480006892356492 4.721465606995424 5.042100653649083 5.313883172871654 5.53517566797847 5.875717185352007 5.947939346268631 6.07627117477151 6.330123902764863 6.2596480620495205 6.824813111325786 6.558947263519717 6.897171930551847 6.840952162820194 7.04139258976721 
1.9298876912931364 3.8264305304840147 0.016276379515230022 0.06893097879293753 3.3559354468552254 3.7281428868836612 4.139981940510211 4.541715588031111 4.790399550550133 5.120181368152452 5.238451708990401 5.534314781903091 5.871055849569398 6.033377503452034 6.128154974225591 6.310165321512659 6.798526591379869 6.655063646182556 6.8369522784255174 6.8849276880353445 6.847383237723615 6.939951687345804 
0.08468494011811045 3.7181187119775703 2.969717583715169 3.20860609572581 3.3393290860473184 3.8974551561732507 4.1661753408868165 4.443103526685636 4.791676384986674 5.011764570960514 5.3489996979583 5.5351598251293925 5.641732185904847 6.011944938684083 6.142930429750017 6.2804972364500715 6.264126807847059 6.486437931320025 6.849003598752821 6.734937106102546 6.89321022070195 6.9529303519037935 
0.7166470789256321 0.8058628946364204 5.284231065796231 3.408276461298139 3.370551536777383 3.8029923678446917 4.146001795664422 4.577786047993693 4.785963985836168 5.025912482073067 5.220330801275567 5.53578529995703 5.823919326531301 5.967263512642804 6.140903664610215 6.311040851297486 6.418426178072151 7.568644595637991 6.57141686267196 6.749133678589202 6.893423294648303 7.008480307125884 
0.2546237149454229 0.12027998880801727 5.089435789933222 7.225096257716337 3.3738956940116944 3.800115123492485 4.138159840186445 4.445874631361034 4.792030963629821 5.0907031844004065 5.44376156641572 5.536519747918502 5.811353424050086 5.9647575007902285 6.056707959624283 6.278804329805663 6.5402592192630165 6.5493465356782385 6.519838399305133 6.893714383160896 6.847587645026021 6.955061709037691 
1.6301223303793007 3.5952026978732077 0.17606745411860064 1.650575763789547 3.3457544685975997 3.7906979555142972 4.1412542994090416 4.4445780528347045 4.8244779354065175 5.1310385351350885 5.456664786218818 5.535526680819088 5.812495074358587 6.036203609774301 6.225236572853693 6.2999819997566835 6.558269821024565 6.718200317750979 6.762181919999258 7.0961019427507 7.064924853369835 7.060828746004018 
0.6178518539107887 3.140285445560878 2.3534431130372866 3.3168904956892544 3.231008015993879 3.735554430100681 4.143427779806278 4.473878688076628 4.785778096316075 5.127334511055297 5.30910167037229 5.484264182801547 5.868308041565732 5.913699612847695 6.107995503620729 6.404495544456592 6.42159906901938 6.219865445790657 6.831943111097917 6.626197022868298 6.855048820955141 6.889205283712148 
0.1345869941910183 0.0015914179633913506 5.497547274310783 7.2753097109744616 3.3307774257900475 3.7375610226865437 4.145412850282429 4.44979483988943 4.794984471138675 5.24838531759819 5.355480878196284 5.562249276754365 5.662567003336385 5.953954868906157 6.072295865386553 6.274687140964708 6.434945059892967 6.72693104301083 6.956748988183742 6.862956355296501 6.735864776343458 6.883315316556703 
0.6138597485453159 2.1988061634947607 3.183083241342355 3.4826492065546226 3.371555479101087 3.726816012063248 4.092944613831152 4.476133254945625 4.791890527501122 5.123281424941943 6.185697323372342 5.531576547592307 5.674330676372578 5.968857057310117 6.057633147676339 6.40427551072607 6.5629920814796785 6.43424665211123 6.6762119258451715 6.877032860973526 6.847575592915341 7.05925101035574 
1.224286480532964 3.019350809374359 0.822492353268881 3.208117467893221 3.3747456551896913 3.728297866363241 4.1438834659696075 4.576628963526158 4.808252622540936 5.120154111959204 5.238916872661259 5.536429578660163 5.873171702002432 6.035206683367427 6.230155954277612 6.311132082899115 6.431649755618758 6.545507716258828 6.519528396959356 6.719465053518944 6.849798219994346 6.95261308384395 
0.08216730071683592 3.9949849945855522 2.8080209241917413 3.4113095947429675 3.3710985799212967 3.732694523403595 4.138955654841458 4.443997887477509 4.790619384024942 5.128536849918365 5.428178516726296 5.535537171586199 5.823352060254036 6.060837648787709 6.21647225569304 6.329238794973999 6.478634131393263 6.821595946674616 7.003285641808661 6.892976578907817 6.888905237161463 7.278007986311838 
0.6950795260228891 0.09195798475501205 5.985127298724671 3.494169321257886 3.3547394344125085 3.790507413299184 4.191556213151247 4.242413789795713 5.018462599620678 5.085971392482453 5.357250961325105 5.535355872944696 5.813096600521909 5.972642728425082 6.061172563803174 6.312590228567211 6.5448836747218575 6.472338968042726 6.732107338988402 6.716005976129155 6.847633628173236 6.744728214816526 
0.20733771521503164 2.2800186252183 4.278950702719953 3.617843250105934 3.3193751963142466 3.8070250258076612 4.137131262228905 4.4409032300790425 4.8047036503536 5.038774450116275 5.538537219883529 5.494625402040308 5.848476510357071 5.951714949160572 6.055593424187588 6.241698824077024 6.241740399985594 6.564471316476316 6.642695988597727 6.682289012070722 6.860896199679124 7.029916175337913 
1.8815977472897996 2.0983684107296043 0.23382604170339372 3.2026849930400774 3.27300969544089 3.6861092284761114 4.088637473423502 4.479105490851592 4.7936930400802975 5.119697276615834 5.603596554499129 5.485081105516459 5.703774849102587 5.967413417448207 6.126813191101717 6.325123518932943 6.567470351353267 6.487042792845899 6.64461316088473 6.736759687387335 6.716497849237632 6.9931044190122655 
1.902526159319582 3.8264305304840147 0.016276379515230022 0.06893097879293753 3.3559354468552254 3.7374285780417957 4.139944555073442 4.541715588031111 4.790399550550133 5.120181368152452 5.239742917835138 5.534314781903091 5.87284408557319 5.953581233245704 6.128154974225591 6.310165321512659 6.424674165988834 6.338292993390949 6.833347812461878 6.8849276880353445 6.847383237723615 6.939951687345804 
1.6306868759158444 3.4548313669162316 0.1926609992012506 1.6126183040878919 3.369522118079885 3.7246062708436813 4.185469693223771 4.449820953557046 4.856938349612862 5.087681566396178 5.443411545493181 5.536341924889191 5.8204591114683755 5.946734829935519 6.11279418145208 6.2954252464747835 6.688505942189806 6.4932953350004095 6.737203801624241 6.867956580507163 6.94645380900814 6.876017081755338 
0.07182412567464225 3.8852024251463932 2.8080209241917413 3.42372476308116 3.3699942096551045 3.732694523403595 4.139182296660332 4.440609246350006 4.790619384024942 5.126768968947919 5.439368573814674 5.535447749465812 5.823025335645895 5.964742662970028 6.21647225569304 6.329238794973999 6.478634131393263 6.821595946674616 6.5204256635659785 6.892976578907817 6.744915064085542 7.278007986311838 
1.2644399070614365 3.7490486896455306 0.0027269336580444635 3.16468761200877 3.3750478060368114 3.803356467513913 4.178612454904126 4.447776163646184 4.790295016930369 5.122105563009585 5.46929023899157 5.5349478883359735 5.798884344890974 6.052370267755173 6.140132904912492 6.296390979000203 6.572118125408613 6.813543772722302 6.83352557955257 6.9743581121034905 6.857234710910163 7.259745637459691 
0.39059001040789343 2.1656636620414123 4.496624445870231 3.3275357494818585 3.371081295020773 3.8621911354257974 4.142022004431615 4.449399212420474 4.794356141009378 5.120623701720343 5.42172110405942 5.536335594037423 5.616554817844829 5.966142177765329 6.107525559226901 6.2808605154283805 6.423213573699554 6.498146047477586 6.644412127498037 6.86352542817438 6.8488717959388685 6.825457861924186 
1.8708721981046597 2.188419874578677 0.04364924442906942 3.2816771105703677 3.373931582613949 3.799976934561713 4.1906031865436475 4.448721110520151 4.805258482077394 5.046662587852927 5.449687325683284 5.310103897453018 5.811034743405816 5.965553251494734 6.056003766871877 6.402191687023716 6.528066964699538 6.548762598675258 6.562250390161516 6.8936730595924764 6.840026830176952 6.8940065521659735 
0.20733771521503164 2.1725216654143114 5.13809859288381 3.3117603301648733 3.3489164674334995 3.8070106857375574 4.056780756361285 4.477447370257598 4.800811157936165 5.121887244470115 5.451655004550198 5.495092872876365 5.8494367898113495 6.014581633687939 6.057409501658949 6.294704661384114 6.799085646244982 5.118417151707186 6.644406053365055 6.786749453387127 6.949039512177589 7.009276420741257 
0.13330027270846445 1.0203109486332747 5.954814294951532 3.6519882404482673 3.3552852974647505 3.8056946337049395 4.178935549157539 4.75225717204798 4.298302193128569 5.265965373566853 5.438076167038107 5.488366007987048 5.636780598259772 5.966647844233657 6.143101865544171 6.411947243061277 6.414210810851053 6.563135998546211 6.518790512253047 6.801644974830872 6.845030839533278 6.876509297087138 
0.5922861094416991 3.0372186620946575 2.609256070490984 3.357493538704588 3.331057296659792 3.709046909151032 4.143400202832129 4.446731944685754 4.790904922325548 5.1227861914693475 5.475447431141506 5.506307971110862 5.87313402378749 5.913417942738149 6.09374091415997 6.23619564555806 6.542264954141092 6.469651194114595 6.7230795668642145 6.626524163095791 6.956957923699713 7.061573535484881 
1.9554862636004615 3.9429187118618065 0.012255347423102858 0.005622346380852461 3.355610731908009 3.729782804356594 4.193689593216601 4.544379212117795 4.806611043395885 5.11981950282258 5.1769125071218385 5.534428364773118 5.870477287709443 6.030101128641063 6.314391784356153 6.219188663568259 6.431675860485157 6.4850870102855716 6.838780836313429 6.885192291305225 6.847078596775866 6.941308482729112 
1.2655401177701617 3.579239187519987 0.003105373198297498 3.4162980637818543 3.3797610455163647 3.794099532535186 4.143607733707782 4.479697745061134 4.789770095018234 5.08098518159901 5.4118873738121085 5.534772233093954 5.82682222515644 6.051990283957579 6.186515545868158 6.425612991411587 6.5640453858225385 6.810571514141405 6.8865108801101504 6.8936168028369345 6.914989340579419 7.266697060459125 
1.6238770151123283 3.9688887449305197 0.0814710624479697 0.8518465112120379 3.346286668137206 3.7961758050436702 4.138490466043058 4.461730730400043 4.789787670178767 5.031116173552757 5.453592304930999 5.538464652142056 5.795247221209506 5.95329231578223 6.108069947381909 6.413929976237188 6.5653873309431665 6.769839506517473 6.7612950617337795 7.099580790303739 6.846724000173058 7.260472484903406 
1.9169369315311948 0.736271223954966 2.17667333092644 3.07134880233123 3.5365962870447056 3.8096162131797544 4.138502857942111 4.46913508793115 4.793963296411521 5.112655776752199 5.609815846150175 5.535245644094626 5.653844347627475 5.962261115331449 6.125665890450205 6.411307918066213 6.565291616035145 6.473047728388555 6.96412204316849 6.6824871246164745 6.855659427741845 6.943903540329097 
0.8565092291525246 3.3778891050503477 1.453323855078247 3.45246761160185 3.345254351975649 3.707472397449681 4.139827658335257 4.4482625121817625 4.79055944465563 5.082428502046081 5.453759325708424 5.538630358453281 5.871670955453801 6.065763057716085 6.125975190335098 6.411148459625056 6.301802886808744 6.43391371727862 6.761451445477011 6.884831166943981 6.890737567448942 6.92181447340807 
0.7310691694360919 3.347704147513137 1.45762833037359 3.4592242527864165 3.3786552797398537 3.682567441937543 4.136848422564443 4.572808421302354 4.79056228509405 5.082638284216128 5.4358897247430695 5.535018179523496 5.65383977523543 5.962063058371174 6.125839629763464 6.280847042671918 6.4216349031050814 6.43391371727862 6.759603369643543 6.513048597751238 6.849053913158421 6.938548633822795 
0.25842422881939886 2.2830552220265323 4.300677945318855 3.6323215017228327 3.317682067612239 3.688376481460267 4.217470770665434 4.425976831768374 4.793830625677659 5.198166777022486 5.538387967427217 5.533821282703755 5.80616358638204 6.059753532170887 6.076163756960759 6.427701350046897 6.568555332399277 6.642830910316512 6.664364006459835 6.689831868070609 6.860896199679124 7.07535137046571 
1.9821402518780276 3.8301107690163434 0.0423258936732063 0.0031886405983334587 3.356356363900114 3.733902292322827 4.179461117923015 4.45339122968797 4.793341462657464 5.125810834504689 5.435130336478682 5.48879831020605 5.868208165682572 5.9465494586476035 6.1079908990210185 6.399563989533214 6.420514448976068 6.616168396738267 6.832915050515727 6.9802850396502825 6.852196587867055 7.277038055229948 
0.2307187263406172 2.046287740754869 5.284852731428285 3.3117603301648733 3.532809483163495 3.809563445225903 4.17408304508843 4.477447370257598 4.800811157936165 5.121700280034829 5.438248342963802 5.494304971655194 5.643632469131539 6.014509194694255 6.106490820372194 6.410161806091206 6.223715774792385 6.496471815338426 6.644406053365055 6.682514979904945 6.9474968466114015 6.943454409462371 
0.5674584036423713 2.2028560110916393 3.190233235910623 3.4188220904233693 3.3694977216435054 3.7186521243908577 4.185432153396622 4.4795473948175815 4.853739175425726 5.280318411188346 5.443309545191097 5.536038619991246 5.867740544237458 5.968461829397263 6.067933504383459 6.262359216209628 6.548395002147356 6.490176855808927 6.677606037610947 6.859233400622845 6.9463305659538435 6.888318868782002 
0.08524308242885592 0.8651018927677946 5.986584929000707 4.093141767762829 3.3711974406795573 3.716959299004899 4.087375160187488 4.479113016384917 4.473377857032396 5.120171813823831 6.501113095277841 5.483271001860768 5.702399997430173 6.013941634615095 6.616860699457782 6.328411930217215 6.046235341224313 6.483522880030688 6.538206055876774 6.9352064896879435 6.866603777860142 6.8903285147283 
1.3039825902229945 3.9839195335232875 0.016903441513133943 2.1621071700611183 3.355951490167802 3.7314888735965774 4.1826981035771365 4.473398817276635 4.810050519671683 5.1171429374600725 5.232803404636052 5.532896349660861 5.815331250272599 5.9490217503711555 6.12512549233135 6.268830461700471 6.427825836659149 6.57299959636448 6.826946826956932 6.878608706414793 6.8482084652594235 7.062156576808887 
1.9246560073824601 3.480836268327817 0.548967923889152 0.1990249200234111 3.325265217551289 3.7925659926000805 4.184264451643123 4.47088009442953 4.7751396502831 5.116187864865244 5.45014354194566 5.5172033454439 5.857095289638631 6.019877456255384 6.227837138950561 6.417570247705812 6.556631004847987 6.815910101544739 6.84173955790265 6.890013286351363 6.947078605097376 6.973229525925186 
0.22558856167709562 0.022218091123746175 5.497547274310783 7.152135444588167 3.3307774257900475 3.7385812975674906 4.138562680828153 4.4691506286569 4.794986631873288 5.243217413067598 5.368568539409373 5.119825524810855 5.873759815696517 5.953489180627302 6.316578341258628 6.011565582583951 6.5650943944574776 6.732802555531971 6.956899134740151 6.862956355296501 6.735864776343458 6.88360825820329 
0.6789842563714231 3.9942666692610884 0.9638447279650848 3.4109104898953 3.3709411441187136 3.7936164027104384 4.18863700872151 4.47776061282324 4.800855031227013 5.121631048001562 5.428569309392418 5.535532002085158 5.822809954899637 5.966463442770404 6.216626558505356 6.271280064394986 6.451607953064478 6.621669732382058 6.638960865420802 6.90041741367764 6.887732587556899 6.816899545556943 
1.5821201387022095 3.9376448146221374 0.09773503818032792 1.0698759410457934 3.3447465966540952 3.798358623414002 4.138490466043058 4.46889805135377 4.793047661840517 5.097143094328592 5.4536227279246425 5.53853599447476 5.821202533659901 5.971140058766044 6.108711791483856 6.414501254266506 6.5653873309431665 6.763046971070706 6.761521088294052 6.869662173871517 6.860441522367328 7.0580640101930765 
1.2655401177701617 3.665816831264232 0.0031617162916629804 3.4147246887832874 3.3797610455163647 3.794099532535186 4.139181569799146 4.438021165884012 4.79064420960717 5.122176321858138 5.428714094381214 5.520425936443074 5.82682222515644 6.048159876100987 6.146101404805651 6.427972564217892 6.156348011050063 6.822729373777983 6.8865108801101504 6.877607781692154 6.914289931670927 6.9900814720941895 
0.7551662162031182 2.155202333963775 3.3580279748347386 3.324570518094351 3.3268446418730084 3.7244159980394254 4.195414237351638 4.4481362404192435 4.793693383446796 5.121504188913517 5.584655566802268 5.515492580408427 5.790030472341669 5.967639829706185 6.126232807407949 6.280416482430143 6.400342871385316 6.4975007694038425 6.84030940838796 6.729321151374893 6.842139306228125 6.987757592848517 
0.19476417895269527 0.0015914179633913506 5.497547274310783 7.152135444588167 3.3307774257900475 3.7385812975674906 4.138562680828153 4.4691506286569 4.794986631873288 5.245429899586519 5.357394543282045 5.562249276754365 5.662567003336385 5.953954868906157 6.124875765071646 6.274687140964708 6.5650943944574776 6.732802555531971 6.956899134740151 6.862956355296501 6.735864776343458 6.883315316556703 
0.02815142394728637 1.8174718350632515 5.977834180676861 3.482737939484983 3.5574654657562785 3.731519577556497 4.089080649027425 4.565925452497636 4.790755648529176 5.114895041009905 5.440896516742512 5.535359770132469 5.821217513649411 5.967956544458711 6.056448082298815 6.313555412447545 6.426955261175461 6.45362566869458 6.829467108532235 6.672434222298307 6.847420733850799 6.94848348312763 
0.6927344524235505 0.0012856302990784663 5.939678923836755 3.5876179414068234 3.8094026106851686 3.7998028527960894 4.183979197584038 4.545070021309395 4.791538000125975 5.080630106704452 5.532438363659349 5.542747083869366 5.646182504309094 6.061373403816331 6.110870174707346 6.185126343470013 6.551509502894552 6.7391787334740725 6.46562172229669 6.875007559871558 6.7747931799498105 6.661257664723191 
0.08216730071683592 3.9225784132233126 2.8080209241917413 3.4113095947429675 3.3710985799212967 3.7220018553131666 4.138955654841458 4.442135134704138 4.790619384024942 5.128536849918365 5.428178516726296 5.535537171586199 5.823352060254036 5.9539763084644255 6.216616252301167 6.328407510306616 6.273160293228499 6.821595946674616 6.57236817808165 6.892976578907817 6.889259371452096 7.278007986311838 
0.6969155974794257 2.1944083539617063 3.274054152871056 3.3947395669530946 3.3469115544724 3.7337225230553672 4.142021833378201 4.454295760717957 4.7854198599122215 5.114469512054548 5.215708143073935 5.536716261494933 5.786716277939422 5.9678065382529715 6.126095485068664 6.328095244952617 6.272396740613305 6.822304084743905 6.656040437011377 6.678169992240301 6.856065568906122 7.282665220969722 
0.8562818667835256 3.300364398989911 1.4948148277540059 3.4137297621779195 3.369761306915528 3.7995526282108467 4.174750305199846 4.578997069026925 4.797595325070675 5.115587529295477 5.5316119683319425 5.5318198299325285 5.823366022745344 5.966413695110875 6.04523580020003 6.41301774793071 6.415078239379975 6.831979939984355 6.881069094676655 7.105832684162981 6.855305200918911 6.96812903155054 
0.08194850244435885 3.6519378862704626 3.2584341048021837 3.275234013740599 3.3712074341620855 3.688180039025176 4.200508749213275 4.526267814401548 4.791905037175819 5.081888040170567 5.539572835644837 5.486159875375783 5.787425134528132 6.05779059724353 6.075441124249056 6.314647993444639 6.54246244913409 6.438553839499712 6.676479379676641 6.687456859376122 6.847668073198348 6.93824459840085 
1.8708944685004758 2.0010799096307212 0.19509807178325023 3.0769721123063674 3.3352135472583626 3.746453612143395 4.175306552855661 4.447195829604486 4.789681743097612 5.120092537120918 5.0598184160842665 5.533871635773522 5.637919984590976 6.032806218222748 6.105295356464804 6.00001543612223 6.222088311386732 6.4932530625329985 6.560829685687522 6.72116275123694 6.839101907857842 7.0688400665425375 
0.8094622277108209 3.331965702188734 1.4605680593178958 3.4843642836190467 3.346578726110255 3.7944863609643407 4.281938818811348 4.449714989609822 4.794384991138695 5.122563882599151 5.805140697920001 5.54562408761404 5.813092701428802 5.981900441485958 6.110378072371137 6.298597476164994 6.562519768632744 6.44879962971042 6.518276055852536 6.6616817810813655 6.856116915361866 7.065087210769004 
0.8142469266141338 3.0128749439631406 1.4605131364862434 3.06813982067394 3.344088395075962 3.7993848973135567 4.201627288789881 4.5418950504421325 4.7917095800482725 5.05210293834317 5.306608760027616 5.4842605900744035 5.812471947302777 5.968369159706838 6.108074048182474 7.366867195841768 6.562868218734484 6.438512327452148 6.844106267137796 7.104255751564882 6.8561810838677975 6.887560875597248 
0.7017813641514464 1.779145214893617 4.0809926585491425 3.4173289393202504 3.3468193961566204 3.7340927589781407 4.142662747188209 4.4700289610934165 4.791893590390456 5.082658588864681 5.476212432004726 5.5173178847298745 5.787491310720073 5.9678065382529715 6.05557043316408 6.328207576096119 6.278225360257086 6.4315177651481354 7.161428808730353 6.890068481822958 6.717025180728672 7.282665220969722 
1.3834036793759976 3.64348786001829 0.45628384082677087 2.006698387799128 3.3537044120849773 3.8033419714449566 4.135736249275056 4.451197951553379 4.790132668070595 5.120674948942602 5.2398171325349185 5.4837412609892695 5.785984232695807 5.952141799328413 6.126170130992931 6.272501305930905 6.427585248385709 6.55717959585866 6.554934721486012 6.878643923769554 6.843425497691438 6.997458701837867 
0.6092889441302553 3.0718737357626438 2.3787062560430963 3.2100692448990475 3.3309546554611607 3.7273067319176096 4.143807986624086 4.4512704357337824 4.809958974175986 5.120682304214081 5.238895233935786 5.53379346547654 5.871371912451111 5.910535357143338 6.126333670916501 6.324158372694653 6.56854622222785 6.469437081396313 6.55489346118342 6.721047476162493 6.849228943037164 7.0610993910141335 
1.60289895045319 3.9612191314726 0.0814710624479697 0.8518465112120379 3.3459241050924597 3.7961758050436702 4.139552097072899 4.461730730400043 4.793011259653635 5.031116173552757 5.453592304930999 5.538464652142056 5.70273304192691 5.95329231578223 6.108069947381909 6.328249816598891 6.5653873309431665 6.769839506517473 6.7553887768764005 7.099580790303739 6.846724000173058 6.897036189602131 
1.3834036793759976 3.595191939077533 0.45628384082677087 1.6522102610171658 3.3537044120849773 3.7904275207684375 4.141234721719873 4.451197951553379 4.790165425719273 5.120629987506821 5.239216384010038 5.4837412609892695 5.812189786363228 5.955908442236938 6.12605456662911 6.272501305930905 6.427757618569664 6.716781539921878 6.554934721486012 7.094522608684748 6.843425497691438 6.9980786896203595 
0.7389290835432191 1.779145214893617 4.104441337503093 3.4964371873261646 3.356161151006563 3.7917195660485494 4.138701555087526 4.457863300807436 4.789970843932615 5.125365269648541 5.44088250488975 5.537281165621293 5.870513308997496 5.96341338884229 6.141578867287273 6.314900461248619 6.556525514268326 6.820606704849086 6.67322160505262 6.887993609861339 6.856364615951201 7.276805608842418 
0.744927128016516 3.727538942096336 1.057876017431584 3.224275494687573 3.3743262077047174 3.7285738872483902 4.138669032303035 4.457880438809301 4.78996971018061 5.116491496816883 5.43888729430401 5.537326389366251 5.7988318531700855 5.96328267445609 6.1406070688617005 6.266996774026876 6.7900339579876965 6.808921638049172 6.559366434156312 6.72411562623126 6.845421999985167 6.979098589288733 
0.07655223648245502 1.8174718350632515 5.977834180676861 3.4845810882387003 3.3745559513688583 3.730623848340587 4.091049850815984 4.4754949702560864 4.790769207809539 5.090378452587866 5.441765633534682 5.534479919158742 5.812666560813268 5.964755021594423 6.069100741676152 6.261142084780195 7.2926500341709755 6.5343745274181035 6.683854292769591 6.905352529444398 6.893430246211667 7.057807480565274 
0.7665468878788789 0.5243699216673534 5.360181335038266 3.584384968649672 3.377239314601881 3.7327967607084704 4.142563589070634 4.572536717985581 4.793055407819808 5.115551138742677 5.358257260821247 5.535602036261244 5.856779352712956 5.966640874864734 6.12108168062086 6.263972328397981 6.426416901169718 6.482166976490869 6.71993827446577 6.881550577934967 6.733705060652924 6.979157751454305 
1.773022363793029 1.306971860204019 1.5994565976280464 3.422579428970522 3.369388020486159 3.809988323129395 4.137820773523279 4.539697895866603 4.791061021338636 5.123110225719793 5.238368152632584 5.5360833907156755 5.873704772681504 6.034044132138788 6.0814790585638345 6.3134289785756925 6.4772081188681145 6.476021712308545 6.911627302772202 6.8565114080619995 6.951010570051663 6.870370525965222 
0.00600135779166483 0.8651018927677946 5.986640168863169 4.089555264525832 3.372307980826993 3.9017548817126033 4.142525006055266 4.56694673119319 4.477311065683385 5.120171813823831 5.451893128496231 5.532409361077662 5.702399997430173 6.013542187733542 6.6323263039554226 6.318357898850434 6.046235341224313 6.483421094735544 6.538011765585849 6.9352064896879435 6.84629027716033 6.890065683155878 
0.7120791133300445 3.727538942096336 1.08317174769858 3.224275494687573 3.481514418475479 3.7935580705222796 4.174449725261047 4.457382259535607 4.790218523902651 5.116491496816883 5.441011568854566 5.531836156759809 5.824563798863107 5.96328267445609 6.050841885185771 6.266996774026876 6.556769301443297 6.810517865620926 6.559366434156312 6.733653881760209 6.708260630452018 6.968149513699573 
1.7620342471673633 1.1844585256850984 1.5994565976280464 3.465334597524681 3.371664984380262 3.809988323129395 4.136849876128452 4.54069868667852 4.791061021338636 5.123110225719793 5.238368152632584 5.536102236501132 5.6530191469016575 6.1068930898291915 6.0814790585638345 6.3134289785756925 6.489564305060781 6.476021712308545 6.743213708609171 7.102641797443753 6.848561566891214 6.870370525965222 
1.7342981904071149 2.224539628300859 0.5088996342949303 3.3295769319848367 3.3309688389507817 3.732232976934246 4.139178698901498 4.446461844638024 4.78849574065036 5.122847637555856 5.473677297159801 5.520270731438923 5.64853063126713 5.914453806435195 6.089939879439299 6.281298816846777 6.542501383236473 6.567599724474211 6.537632518660991 6.877506093737659 6.839264326112884 7.0598877999602765 
1.846395950799381 1.2126740494005666 1.5994565976280464 3.068287898196925 3.371664984380262 3.809988323129395 4.138530879801563 4.54069868667852 4.790992987108526 5.122509066876782 5.238368152632584 5.536839473270388 5.6530191469016575 6.033418174475072 6.0814790585638345 6.313708249942119 6.5652316127123 6.476021712308545 6.354635689479195 7.094386330584542 6.735694354227113 6.870714770066449 
4.85371958319214E-5 0.0067403736033245926 5.491505024427174 7.983109712694004 3.365764701195188 3.7969817429630837 4.18815881724474 4.5816168601586575 4.7941380135474185 5.115057051470866 5.347878044051235 5.535967264173727 5.845921223024909 5.966614383307218 6.198400505727113 6.271207275947383 6.299147951332808 6.627364442519343 6.640392652918147 6.684211920352779 6.851953816371294 6.8170858373405 
1.2592382956641788 3.464590066782127 8.648833058250926E-4 3.4486119040631493 3.375127374058459 3.7241871607677473 4.197526498409023 4.447143009588791 4.7746526865227095 5.122306973763055 5.30948428156605 5.515754488775149 5.8770075954112775 5.7836735075939885 6.106460166076281 6.437549606309902 6.421568522960965 6.809945643142867 6.839645015118392 6.873156494980297 6.855090212654197 6.919775384181505 
1.3023948302228319 3.9319345457187973 0.3148489314394144 2.13295610920901 3.346573928309654 3.7277431612511345 4.17943093276352 4.44710739176488 4.80999484075665 5.117237266196664 5.468697555648989 5.534063416628812 5.813090367232522 6.059021233095522 6.109297198421871 6.40429604364487 6.567047755462839 6.4982922131851195 6.833763378292538 6.882522697769423 6.8521296013586 7.266805180285305 
0.020784801105391493 3.9318066520422192 3.0656540903756957 3.4618565349920543 3.371219621982295 3.7283425039612053 4.1855953216791955 4.443088028722594 4.787360397605668 5.114994261164569 5.476174632023296 5.487122834167088 5.654614773056387 5.801241074695612 6.057609375544584 6.313396859561506 6.2947556518052865 6.498740200074801 6.833942192133192 6.892444820464002 6.852112671373629 7.067874167203791 
0.7494298373081354 3.7906356145276363 1.0850592878862937 3.20860609572581 3.3774722302661115 3.7293187743160945 4.166648163898524 4.57303609060773 4.830087749657961 5.127356651021896 5.372792701742565 5.316772883888695 5.672003016211579 6.011944938684083 6.058028447934113 6.2641231373712305 6.427196812722965 6.43366803925756 6.55416769622741 6.875733616221161 6.892969159842976 6.953916553593208 
0.9024735176818744 0.6155024003760459 5.3172709216980945 3.4157687367904384 3.3253133575574667 3.8965461792803224 4.3388079829252675 4.47073127731595 4.791531738805269 5.119707762318526 5.546182160081957 5.535634676019176 5.843671313503122 6.012967484499322 6.14280403594541 6.282226820024402 6.423563380268267 6.842644879668059 6.831290451929551 6.641393397232264 6.773271892844146 6.921572530306011 
0.03665718546012181 3.6695253557199856 3.1877875084038516 3.4811143012742853 3.371079033326566 3.731438227190163 4.20040428139265 4.568715779972972 4.781191248350207 5.081833582656554 5.476545378599316 5.535266444877998 5.812427442190852 5.965531622588429 6.057039282209251 6.31469848054096 6.542846021186026 6.471935355704212 6.828447694314863 6.718647592375975 6.8476781333329635 6.93824459840085 
1.9144248733096791 1.7914426371392704 0.548967923889152 3.478029581114827 3.325265217551289 3.7917173901506995 4.184264451643123 4.47088009442953 4.7751396502831 5.116187864865244 5.440453540136857 5.5172033454439 5.857095289638631 5.961021556292263 6.229946799601475 6.314826402065016 6.556525455943148 6.815910101544739 6.84173955790265 6.887990975455219 6.856624791889371 6.973229525925186 
0.07633578268731299 1.025095988306901 5.986803995599897 3.683896846959723 3.346248273322409 3.625926214078592 4.136847892340704 4.72979761412947 4.796329460582339 5.084451363108571 5.441561068896085 5.538035143562604 5.813483721297258 6.295984105295128 6.112081729068243 6.416310661542291 6.422935075584995 6.106717758678924 6.683412317216933 7.426419895012625 6.838019389208541 7.053624798010285 
1.8882374945243066 0.736271223954966 2.17667333092644 3.07134880233123 3.5379466217642905 3.8097054514850646 4.138502857942111 4.469136168784111 4.791607835354103 5.112655776752199 5.596650123472227 5.5347783225492835 5.653844347627475 5.962261115331449 6.125665890450205 6.411307918066213 6.565291616035145 6.473047728388555 6.96412204316849 6.6824871246164745 6.855659427741845 6.943903540329097 
0.7109130713278415 3.9817180925244737 0.9158510174700136 3.061942801772254 3.3523408461312263 3.7932003459817834 4.1820675263552 4.580442644478876 4.7941836899709696 5.123944816834986 5.350596963455446 5.53595271144304 5.650916448605393 5.966455718561279 6.199315831433084 6.2712071237097655 6.272178645252 6.624224036145406 6.9747191221698595 6.673170554650375 6.937146100698215 6.81741665704782 
0.8034976436589394 0.07197352632859738 5.986885632882569 3.5781829623055987 3.377096239328095 3.9861241473209574 4.1927220859849665 4.58445844258331 4.7944765614294935 5.264880452696475 5.448629411777187 5.487714455688187 5.853289788460197 6.031275532617535 6.125729370824721 6.412669281516018 6.7982274524047 6.47588760135265 6.71987946996486 6.892567163571151 6.899345474820911 6.8310536774014485 
